
73 209 100 199
80 210 101 201
86 209 101 201
91 207 101 201
94 204 102 203
99 207 102 203
96 207 102 203
105 206 101 200
111 205 100 199
117 198 100 199
120 205 100 199
128 203 100 199
134 207 101 200
138 213 100 199
146 215 100 199
151 214 101 201
157 205 101 200
161 208 101 201
166 209 101 201
172 198 101 201
174 206 101 200
182 205 101 200
184 208 101 200
192 211 101 200
198 210 101 200
206 212 101 200
212 213 100 199
219 215 101 199
221 218 100 199
226 220 101 200
230 225 100 199
238 223 100 199
242 222 100 198
250 224 100 198
251 227 100 198
259 221 100 198
261 222 99 197
269 224 99 197
272 222 100 198
277 221 100 198
279 226 99 197
287 228 99 197
290 232 100 198
298 230 99 197
301 227 99 197
307 228 99 197
312 230 99 197
320 224 99 197
320 228 99 197
328 230 99 196
329 231 99 196
337 231 99 196
339 227 99 197
345 225 99 197
348 224 99 197
354 223 99 197
357 214 99 197
362 212 99 197
365 210 99 197
371 210 99 197
374 207 99 197
380 203 99 197
383 195 99 197
386 190 99 197
390 186 99 197
393 183 99 197
396 181 100 198
402 176 99 197
401 174 99 197
407 173 99 197
408 173 99 197
416 171 99 197
416 170 100 198
421 170 100 198
425 169 100 198
430 167 100 199
428 167 101 200
435 165 101 200
436 166 101 201
442 166 101 201
443 167 101 201
448 167 101 201
449 168 101 201
454 168 101 200
458 168 101 200
460 168 101 200
462 169 101 200
468 170 100 199
471 169 100 199
474 168 100 199
478 168 100 198
481 167 100 198
485 167 99 197
488 166 99 196
491 165 99 197
494 163 99 197
497 163 99 197
500 161 100 198
503 160 100 199
505 157 101 201
508 156 102 202
511 153 103 204
513 151 104 206
516 149 104 206
514 149 104 207
522 148 105 208
524 147 105 208
527 147 104 207
530 147 104 206
534 146 103 205
537 146 103 205
540 145 103 204
543 145 103 205
545 146 103 204
543 145 103 204
548 145 103 205
549 145 104 205
550 145 104 206
552 145 103 205
553 146 103 205
553 147 104 205
554 147 104 206
551 148 104 206
553 149 104 205
549 149 104 206
550 150 104 206
546 150 104 207
543 151 104 207
540 152 105 208
537 151 106 210
533 151 106 211
534 152 106 211
530 151 106 211
526 152 107 212
523 151 107 213
520 151 107 213
519 150 107 213
517 149 108 213
511 149 108 214
510 147 108 214
505 147 108 215
504 145 108 215
499 145 108 215
499 144 108 215
497 144 108 215
495 143 108 215
493 143 108 215
491 142 108 215
486 141 108 215
489 140 108 215
483 140 108 215
483 139 108 215
481 138 108 215
480 138 108 215
478 138 108 215
477 137 108 215
473 136 109 216
470 137 109 216
473 137 109 216
467 135 109 216
467 138 109 216
463 137 109 216
464 138 109 217
460 138 110 217
461 139 110 218
457 139 110 219
457 140 110 219
453 140 111 220
454 142 111 220
450 142 111 221
450 143 112 221
447 144 112 222
447 146 112 223
444 146 112 223
445 148 113 224
441 149 113 224
443 150 113 225
439 151 113 225
441 151 114 225
438 152 114 225
440 152 114 226
437 152 114 226
440 152 114 226
439 152 114 227
439 150 114 227
439 149 114 227
442 148 114 227
440 146 114 227
440 145 114 227
440 144 114 227